4
1 3
3 3
2 3
0 3
99
439 999
334 999
421 999
159 999
985 999
957 999
354 999
761 999
762 999
972 999
541 999
716 999
852 999
850 999
662 999
482 999
399 999
217 999
154 999
173 999
15 999
506 999
851 999
364 999
790 999
263 999
491 999
172 999
37 999
537 999
859 999
828 999
871 999
280 999
987 999
856 999
590 999
341 999
970 999
352 999
665 999
511 999
69 999
517 999
361 999
83 999
351 999
112 999
300 999
506 999
638 999
667 999
364 999
489 999
32 999
154 999
104 999
875 999
679 999
141 999
412 999
538 999
969 999
636 999
170 999
956 999
844 999
760 999
649 999
814 999
465 999
314 999
326 999
886 999
183 999
39 999
969 999
535 999
152 999
621 999
393 999
790 999
289 999
109 999
631 999
673 999
264 999
735 999
548 999
295 999
877 999
313 999
833 999
198 999
949 999
355 999
155 999
793 999
468 999
156 999
960 999
933 999
823 999
286 999
171 999
358 999
677 999
140 999
245 999
181 999
761 999
990 999
323 999
50 999
100 999
954 999
75 999
364 999
42 999
624 999
659 999
919 999
289 999
844 999
469 999
238 999
551 999
976 999
383 999
19 999
133 999
343 999
304 999
956 999
981 999
475 999
666 999
11 999
967 999
912 999
192 999
729 999
902 999
868 999
131 999
2 999
174 999
207 999
718 999
216 999
183 999
377 999
487 999
472 999
573 999
957 999
62 999
125 999
933 999
797 999
496 999
418 999
141 999
153 999
726 999
474 999
980 999
393 999
485 999
948 999
305 999
30 999
29 999
559 999
898 999
160 999
562 999
424 999
719 999
280 999
641 999
902 999
10 999
480 999
726 999
583 999
789 999
140 999
708 999
723 999
938 999
557 999
493 999
431 999
710 999
220 999
905 999
690 999
613 999
391 999
638 999
270 999
421 999
667 999
829 999
671 999
180 999
743 999
95 999
899 999
24 999
88 999
154 999
386 999
569 999
232 999
969 999
710 999
373 999
30 999
433 999
663 999
587 999
279 999
94 999
649 999
499 999
351 999
339 999
464 999
742 999
330 999
86 999
515 999
349 999
915 999
186 999
881 999
11 999
634 999
133 999
387 999
722 999
287 999
773 999
643 999
519 999
742 999
354 999
244 999
124 999
139 999
259 999
63 999
418 999
353 999
712 999
269 999
705 999
404 999
733 999
799 999
734 999
819 999
315 999
435 999
87 999
853 999
669 999
450 999
487 999
802 999
837 999
562 999
89 999
610 999
205 999
960 999
704 999
911 999
557 999
829 999
403 999
816 999
892 999
821 999
522 999
605 999
443 999
579 999
361 999
528 999
378 999
447 999
700 999
45 999
882 999
787 999
899 999
551 999
589 999
386 999
353 999
426 999
948 999
794 999
36 999
506 999
107 999
92 999
417 999
664 999
921 999
820 999
480 999
166 999
994 999
354 999
123 999
437 999
933 999
484 999
317 999
312 999
931 999
17 999
709 999
165 999
156 999
608 999
69 999
745 999
995 999
422 999
171 999
295 999
569 999
559 999
801 999
676 999
652 999
571 999
340 999
925 999
743 999
172 999
91 999
89 999
527 999
566 999
878 999
812 999
50 999
196 999
124 999
333 999
213 999
186 999
499 999
370 999
794 999
568 999
115 999
141 999
342 999
639 999
437 999
263 999
198 999
590 999
939 999
202 999
513 999
631 999
128 999
257 999
804 999
571 999
346 999
683 999
138 999
225 999
495 999
540 999
421 999
972 999
226 999
634 999
158 999
725 999
356 999
952 999
645 999
472 999
446 999
339 999
111 999
883 999
603 999
661 999
825 999
542 999
216 999
339 999
174 999
344 999
596 999
330 999
267 999
294 999
13 999
757 999
519 999
860 999
650 999
292 999
832 999
876 999
279 999
990 999
953 999
635 999
295 999
598 999
107 999
741 999
937 999
570 999
976 999
540 999
584 999
801 999
83 999
800 999
492 999
609 999
496 999
440 999
939 999
763 999
735 999
304 999
873 999
606 999
164 999
523 999
251 999
349 999
751 999
530 999
339 999
704 999
165 999
986 999
302 999
625 999
79 999
591 999
547 999
407 999
484 999
131 999
561 999
919 999
931 999
53 999
528 999
427 999
494 999
819 999
543 999
581 999
123 999
768 999
187 999
639 999
643 999
438 999
988 999
394 999
320 999
680 999
98 999
486 999
18 999
752 999
463 999
98 999
695 999
10 999
505 999
179 999
142 999
66 999
98 999
425 999
472 999
978 999
853 999
966 999
797 999
748 999
547 999
272 999
516 999
86 999
912 999
159 999
877 999
900 999
553 999
197 999
932 999
3 999
35 999
951 999
107 999
498 999
49 999
154 999
861 999
906 999
334 999
3 999
325 999
784 999
428 999
797 999
763 999
633 999
115 999
560 999
381 999
14 999
185 999
897 999
100 999
97 999
408 999
329 999
349 999
313 999
879 999
634 999
316 999
914 999
585 999
775 999
765 999
986 999
930 999
626 999
892 999
616 999
629 999
569 999
752 999
409 999
366 999
515 999
395 999
833 999
428 999
776 999
847 999
613 999
26 999
300 999
62 999
786 999
629 999
763 999
100 999
508 999
397 999
416 999
775 999
982 999
544 999
540 999
320 999
826 999
518 999
565 999
794 999
499 999
134 999
546 999
908 999
853 999
62 999
303 999
686 999
842 999
432 999
534 999
807 999
810 999
834 999
869 999
596 999
815 999
984 999
696 999
324 999
382 999
465 999
451 999
716 999
361 999
343 999
37 999
187 999
861 999
602 999
981 999
360 999
88 999
879 999
620 999
941 999
293 999
924 999
628 999
135 999
708 999
162 999
942 999
870 999
996 999
163 999
466 999
811 999
500 999
515 999
487 999
234 999
332 999
290 999
950 999
693 999
633 999
339 999
880 999
494 999
293 999
213 999
854 999
382 999
444 999
475 999
323 999
738 999
751 999
951 999
873 999
811 999
465 999
168 999
681 999
813 999
683 999
499 999
977 999
535 999
14 999
464 999
769 999
346 999
107 999
72 999
391 999
740 999
411 999
623 999
587 999
57 999
836 999
793 999
439 999
281 999
620 999
114 999
371 999
371 999
418 999
596 999
534 999
883 999
764 999
567 999
697 999
800 999
67 999
674 999
335 999
433 999
490 999
457 999
132 999
949 999
529 999
523 999
690 999
292 999
147 999
629 999
349 999
335 999
422 999
140 999
968 999
43 999
255 999
339 999
766 999
25 999
936 999
653 999
260 999
52 999
220 999
957 999
204 999
287 999
983 999
540 999
721 999
826 999
997 999
205 999
127 999
878 999
728 999
169 999
170 999
227 999
798 999
520 999
563 999
221 999
660 999
883 999
616 999
267 999
223 999
382 999
292 999
511 999
35 999
553 999
563 999
608 999
862 999
768 999
895 999
198 999
660 999
968 999
376 999
9 999
173 999
503 999
887 999
254 999
673 999
57 999
481 999
823 999
929 999
396 999
44 999
942 999
280 999
12 999
209 999
855 999
747 999
854 999
366 999
134 999
759 999
281 999
742 999
973 999
401 999
638 999
171 999
413 999
958 999
899 999
422 999
484 999
755 999
661 999
90 999
780 999
71 999
923 999
603 999
0 999
320 999
0 999
942 999
952 999
12 999
504 999
807 999
759 999
358 999
525 999
894 999
117 999
158 999
636 999
90 999
560 999
626 999
614 999
973 999
937 999
865 999
748 999
421 999
620 999
409 999
863 999
400 999
832 999
786 999
4 999
833 999
458 999
356 999
127 999
410 999
368 999
631 999
569 999
128 999
341 999
446 999
374 999
458 999
605 999
10 999
901 999
165 999
989 999
867 999
490 999
926 999
732 999
238 999
699 999
705 999
0 999
562 999
457 999
832 999
348 999
461 999
17 999
807 999
169 999
497 999
569 999
538 999
128 999
139 999
18 999
470 999
585 999
392 999
280 999
542 999
754 999
533 999
707 999
743 999
400 999
550 999
21 999
485 999
788 999
720 999
190 999
140 999
634 999
647 999
325 999
983 999
461 999
694 999
142 999
630 999
191 999
63 999
520 999
320 999
554 999
538 999
142 999
492 999
930 999
422 999
34 999
685 999
308 999
94 999
780 999
708 999
644 999
802 999
545 999
784 999
522 999
87 999
925 999
157 999
735 999
602 999
492 999
548 999
296 999
986 999
530 999
840 999
49 999
51 999
512 999
956 999
589 999
654 999
448 999
872 999
428 999
482 999
557 999
88 999
576 999
337 999
797 999
220 999
139 999
694 999
5 999
14 999
782 999
282 999
523 999
869 999
236 999
15 999
417 999
884 999
353 999
299 999
724 999
754 999
350 999
236 999
710 999
292 999
242 999
158 999
164 999
23 999
641 999
721 999
111 999
569 999
410 999
260 999
790 999
902 999
955 999
147 999
916 999
89 999
781 999
439 999
958 999
17 999
806 999
375 999
901 999
511 999
674 999
978 999
265 999
377 999
566 999
976 999
669 999
161 999
134 999
833 999
